856
0
0
0
0
0
680
4440
3928
0
0
1192
0
4952
0
680
0
0
4440
680
0
344
4952
0
680
0
4440
0
0
3928
680
4952
0
0
680
0
0
0
680
4952
680
0
0
680
0
0
616
0
3416
2392
376
2904
0
680
0
4952
0
680
344
1704
4440
0
0
0
0
680
5800
2904
568
2392
0
344
0
344
680
0
0
0
0
2728
4952
2216
0
4952
0
1704
0
5288
0
4952
0
0
0
0
2216
3416
680
0
6312
0
0
680
0
1704
4952
0
0
0
0
680
3928
0
0
2728
4440
1368
344
0
0
680
0
344
680
856
680
0
0
0
1368
680
1704
2392
0
88
0
3416
680
1880
0
456
1880
680
1880
0
680
4440
0
680
0
391
3240
0
680
0
0
0
0
680
5464
680
680
1368
0
680
344
424
0
5976
0
2392
0
0
1880
680
4440
680
0
0
680
0
0
680
0
0
0
344
680
0
344
4440
0
680
680
1704
856
0
680
0
2216
3416
0
0
856
680
0
0
0
680
3416
0
0
0
0
0
0
5288
2392
3928
680
3416
680
0
4952
680
0
0
0
344
680
0
504
344
2728
0
680
0
4952
680
0
3928
0
680
3928
0
3416
0
680
3596
0
4440
0
680
3928
0
344
0
680
2904
680
0
112
0
0
1192
2904
344
3928
0
680
0
0
0
624
0
2728
4952
0
680
0
0
680
3928
4440
680
0
1704
0
0
0
936
0
680
0
4440
344
2904
0
656
1368
0
2904
0
1192
2904
0
680
4952
0
680
0
1689
0
2728
0
856
0
0
0
680
2904
680
1192
3416
4440
680
0
680
0
0
680
2392
680
0
0
0
0
1192
680
2024
1368
4952
0
0
0
344
3416
680
0
5598
1880
0
568
4952
0
0
0
525
4440
0
680
856
0
3928
0
3752
4952
0
344
97
0
0
0
0
680
5464
680
4952
0
680
0
0
680
0
680
4952
0
3416
3928
0
680
4952
0
680
0
3240
0
4440
3416
0
4440
680
4952
0
0
680
0
0
680
856
3928
0
1704
0
0
680
0
0
680
2904
680
4952
0
0
0
0
680
5464
680
344
4440
0
680
0
0
0
3240
0
680
0
0
680
3416
680
856
0
680
680
0
680
0
0
680
0
680
3928
0
4440
0
680
0
3416
680
0
4264
4440
0
0
1192
344
1368
0
0
0
344
680
3416
0
0
40
0
680
5464
0
680
0
2216
4952
1704
0
0
0
0
680
0
680
2392
0
0
0
0
2216
4952
680
3416
0
1192
680
856
0
856
0
168
0
3240
0
0
2721
0
4264
4952
0
0
480
680
2904
1880
0
680
0
0
2472
2904
680
0
5464
4248
0
0
0
0
0
680
4440
0
0
0
344
0
680
856
0
0
344
0
680
0
5800
4440
0
0
0
0
0
680
445
1368
4440
856
680
344
0
0
0
0
0
680
4264
4952
680
4952
0
680
0
453
0
0
680
1368
0
0
0
0
680
1192
2392
0
0
450
5800
4440
0
0
0
0
680
2904
680
856
0
680
0
0
0
4952
632
0
680
2904
680
680
4952
680
0
680
0
0
0
360
0
0
680
0
2904
680
0
0
344
0
680
680
0
0
0
0
344
4440
2216
4440
0
680
0
532
680
680
2904
680
2904
0
0
0
0
856
0
0
0
0
3416
344
3416
0
0
680
4440
680
1880
0
344
0
0
0
0
680
856
4952
0
0
3240
0
856
0
680
680
3928
0
0
680
0
680
5464
0
2728
4440
1704
680
4952
0
680
680
0
3416
0
680
4952
0
3416
0
680
680
5464
0
3928
3928
1704
4440
0
0
0
0
680
0
680
0
4952
0
0
680
0
3928
680
2904
0
856
0
0
0
1368
0
0
0
0
856
680
0
680
0
4776
0
0
3545
0
3416
856
0
680
4952
88
680
3583
0
2216
0
0
344
0
0
680
0
680
680
344
5025
344
0
3928
680
0
0
0
0
0
459
0
0
4440
680
0
0
680
0
0
680
0
0
0
0
1880
0
285
680
856
680
856
4632
1154
0
0
0
680
680
3928
0
600
3496
0
0
1704
0
0
0
0
1880
2728
3928
0
0
0
1002
0
0
0
0
0
0
0
680
0
680
5464
680
0
4776
4520
3240
4952
680
0
152
344
0
344
0
680
5464
0
344
0
0
0
680
1489
3928
0
1992
680
4952
3928
0
0
0
0
680
680
0
0
0
1704
680
0
0
4952
1576
0
0
0
680
0
0
0
4440
680
2904
0
680
0
4440
680
0
0
0
0
1880
680
0
1880
4952
0
344
680
0
680
0
2216
0
4952
0
680
4952
0
0
0
0
2728
3928
680
5464
0
680
0
0
1704
2904
344
0
2904
1880
0
680
0
0
680
0
680
680
1880
0
0
0
0
680
0
4776
344
2904
0
856
680
0
0
0
0
680
2904
680
0
0
0
680
0
680
4440
0
344
594
1368
0
0
0
0
680
0
0
344
2904
0
680
0
680
0
680
0
2392
0
0
0
0
0
0
0
0
4952
0
0
4952
344
856
0
0
0
680
2392
680
0
0
680
3928
0
680
3176
1880
0
0
680
0
680
0
680
5464
4440
0
168
0
0
680
0
2904
680
0
680
2392
0
680
0
3416
680
0
3420
0
680
0
4776
4264
344
0
0
0
680
3928
0
680
2904
2392
680
0
680
936
5800
2392
0
2904
0
344
0
680
552
4440
680
2904
88
0
386
0
0
2904
680
344
5464
1704
4824
0
4952
460
0
680
856
0
3416
0
680
1192
0
0
680
856
0
680
1880
0
680
0
680
4440
344
4440
0
0
0
0
3240
4952
0
680
2392
0
0
0
680
4440
680
680
0
0
0
0
0
680
2392
2904
680
3928
0
680
0
1192
0
0
1368
680
0
680
4952
0
0
680
1640
5800
0
0
0
0
680
4952
3416
3240
2216
4952
344
542
680
3240
0
3752
1880
680
968
5288
0
0
0
600
5288
3288
1880
3416
0
0
0
680
4440
0
0
0
680
0
5800
3416
0
680
0
680
680
4952
0
0
0
0
0
0
680
0
680
3416
0
3240
0
506
680
344
344
680
0
4440
0
0
680
3416
680
344
1880
0
0
0
680
0
1192
0
680
3928
3928
0
0
680
0
344
680
3416
0
0
680
0
0
680
5464
0
4440
0
680
0
0
0
0
0
680
5464
344
680
5464
680
0
344
4440
0
0
680
0
4440
680
0
2904
0
0
0
680
4952
0
680
0
0
1880
680
4440
0
128
680
0
680
0
5800
680
2904
0
0
680
0
0
0
2216
680
0
0
4952
0
0
0
4440
344
0
680
0
0
0
0
680
856
4440
2904
0
0
0
680
0
3240
344
4440
1192
0
0
0
0
680
4952
4552
5627
4952
1704
0
344
4440
680
2392
0
0
0
2216
648
5464
2392
0
2728
0
1880
680
1880
4440
0
680
0
0
3240
680
5800
4440
0
0
0
0
680
4264
4952
432
0
0
0
1192
360
0
0
0
0
0
0
680
4952
0
0
0
0
0
0
680
5464
680
0
1704
0
0
416
0
0
344
2904
0
3928
0
0
680
0
680
0
2392
0
0
680
4440
0
0
0
0
0
0
5464
608
4440
1704
0
680
0
5736
5976
1368
0
0
0
0
0
680
0
0
4952
680
4440
680
4952
0
0
680
0
680
0
0
4440
0
0
680
0
0
680
5592
1368
88
680
680
0
344
3416
0
0
0
680
4952
0
680
0
2066
0
3928
0
0
0
0
344
680
2904
680
4952
0
680
344
0
0
0
680
2904
680
0
0
2728
0
680
0
4264
4952
0
680
344
4440
0
0
0
680
2904
680
4952
0
0
680
0
0
680
3928
0
0
0
0
0
680
0
0
0
0
680
344
4440
0
0
680
680
4440
680
3416
3416
0
680
0
0
384
0
0
680
0
680
0
0
0
3681
0
3416
3928
0
680
0
0
0
3416
680
4952
0
344
680
4440
680
0
0
0
0
680
0
4504
4440
680
0
0
680
680
0
5464
0
0
0
344
3928
680
3416
0
4264
1880
0
0
0
0
1368
680
3928
2216
0
1192
0
680
640
0
3928
0
680
0
0
680
1368
680
3416
0
0
0
0
0
344
0
680
0
4440
0
0
680
4952
4440
680
1368
3928
0
1192
0
0
680
4952
0
2392
0
1960
2728
0
4664
3240
0
856
0
0
0
680
4440
0
0
0
0
0
680
0
1192
0
3928
680
4952
680
4776
3928
2728
0
0
680
856
680
0
0
1704
0
680
4440
1880
0
0
680
0
680
4440
0
680
3416
0
4440
680
4976
4952
680
3928
344
0
0
680
4440
680
4952
0
856
0
680
3928
3928
680
4440
0
1192
0
0
0
680
3928
680
2904
3240
0
680
0
0
680
2392
0
624
4952
0
0
1880
1880
0
680
0
2531
0
0
1704
2216
0
0
2216
0
568
4952
680
0
0
0
0
344
3928
680
0
4952
4440
680
376
0
0
483
4528
0
3752
0
0
0
680
0
0
680
3416
680
2904
1368
0
680
0
0
1880
0
2392
2546
0
680
344
680
680
4952
0
344
856
0
0
680
4952
680
8
0
2728
0
680
0
0
680
0
680
4440
0
1704
2904
2216
6056
0
1880
4583
0
680
1880
0
0
0
680
568
5288
0
2904
0
0
680
4952
0
0
1704
856
680
4952
0
680
1880
4440
680
2904
680
0
1880
0
680
680
4952
0
1192
0
3752
344
0
4440
0
680
4440
680
2904
0
0
0
0
632
4440
0
0
1192
0
0
0
1368
680
3928
680
2904
0
0
0
0
680
0
0
680
0
0
344
0
680
0
0
680
344
0
3416
1704
0
680
4952
0
680
1368
0
24
0
0
3992
3928
3240
0
0
680
0
0
0
3416
0
0
680
0
2904
680
0
2392
680
0
0
4440
680
0
680
2904
1192
1880
1192
600
3752
2392
0
0
0
0
680
88
4440
680
0
0
0
344
3416
680
0
0
328
0
1460
0
0
0
0
680
2312
2264
4440
0
2216
1640
344
680
0
680
856
0
1704
4440
0
680
0
0
680
0
0
680
4264
3416
0
0
0
0
680
4440
680
856
4440
0
680
680
4440
0
0
0
0
680
856
0
0
2216
0
1672
0
0
2904
0
1208
680
0
