2216
1208
1704
3928
0
0
680
4440
0
0
0
0
680
0
680
0
3416
680
0
5464
0
0
680
0
4952
680
0
1192
0
0
680
5544
0
0
680
0
0
680
0
0
680
0
680
0
5464
568
2216
4952
0
0
0
0
680
2088
3416
4952
0
1192
5464
680
0
1704
4440
0
0
0
0
680
5464
896
0
4264
0
680
4440
0
680
0
680
0
0
0
2984
680
1880
0
0
2216
0
680
0
4440
680
1880
1704
4264
871
2392
2216
0
680
0
0
0
680
0
0
680
0
4952
0
680
4440
344
0
0
0
4260
4776
5464
680
2904
680
0
0
0
0
0
680
0
0
0
680
4440
680
5464
0
632
680
856
680
0
1192
0
680
3417
0
0
0
680
0
680
4440
680
3928
0
1368
680
4776
0
680
0
4440
0
568
0
4440
344
0
680
0
0
680
0
680
344
0
680
344
1880
0
680
680
4440
680
0
2728
0
0
680
4440
0
680
856
0
1880
0
680
2904
0
680
0
4952
0
344
680
2904
600
0
4776
0
0
680
5219
0
0
0
344
3928
0
0
376
0
0
1704
0
680
0
5800
5464
0
680
0
1704
0
4776
0
0
0
0
216
0
2904
680
0
2728
0
0
0
0
1368
0
680
4440
0
2728
3416
1192
0
3416
0
424
936
680
4440
0
680
0
0
680
0
1192
5464
0
0
1120
0
680
0
0
3416
680
3416
680
856
664
0
1704
0
0
3928
2216
0
680
4952
0
0
0
680
0
680
2392
0
3928
0
0
680
2909
2392
680
0
0
1192
680
680
4952
0
0
0
0
1192
0
664
2728
0
4440
0
680
0
0
0
4440
2648
680
680
3416
2728
0
0
0
0
0
1192
0
0
0
1704
2392
680
5464
0
680
0
0
0
0
0
680
0
3240
5464
2216
0
680
680
4440
1704
680
1880
0
680
0
1320
680
3416
4952
680
4592
0
0
2728
0
2392
680
0
1704
1192
344
2216
4952
6091
0
2392
0
1192
4776
4952
0
0
2728
374
4952
5800
2904
0
680
680
0
3240
0
3928
680
2392
1704
0
680
955
0
680
856
0
4952
680
5464
0
0
0
680
3928
680
0
0
680
0
0
680
0
344
0
680
0
0
680
5464
0
680
0
530
0
680
5464
0
2904
0
680
5720
0
4952
2216
0
0
0
0
1368
2216
0
0
0
0
680
5464
680
0
4264
0
680
0
680
0
0
680
0
1192
0
3752
0
0
680
344
0
1882
0
1224
680
0
216
5336
0
0
0
680
680
856
3416
0
680
0
0
680
4952
0
5464
0
354
680
856
3224
0
0
680
0
0
1192
0
4952
680
2904
2728
0
216
0
3752
0
0
680
0
680
3928
680
680
0
0
528
0
680
2904
0
680
344
3416
0
0
344
344
1368
0
0
0
2216
680
648
1880
1704
1704
4952
680
0
434
5800
0
4952
0
0
680
0
4952
680
4264
0
5464
344
344
680
0
5800
0
1880
0
1704
0
4952
680
5976
0
680
5976
2216
2904
0
0
0
680
602
5464
0
424
4264
3928
2392
0
680
344
568
5464
680
5464
680
4952
0
0
0
344
680
0
1055
480
680
0
3933
0
2563
0
1704
0
5288
680
0
680
0
5800
0
6488
1680
88
1704
0
1192
2216
680
0
5464
0
3240
3416
8955
3240
9432
1368
10374
8589
5800
3432
9896
7848
4440
7400
15704
7336
10584
6243
13480
15016
16040
12968
15704
15528
13480
16383
16383
16383
16040
13480
15704
12456
15016
16383
16383
16383
15704
10408
12456
14168
15528
16383
16383
15704
10920
15704
7256
15704
6568
15704
16383
16383
16383
16383
16383
16383
16383
16383
16383
15704
10920
12968
16383
15772
8542
8114
7410
6715
16383
11392
11096
6488
11432
16383
12120
12968
5464
16383
14504
15704
8232
11432
12248
11160
12632
2904
11608
3416
7832
344
7640
5992
5976
5800
8536
3240
0
3752
4264
1880
4264
4952
6824
3928
5288
2904
12120
15064
16383
15704
14168
16383
14168
6488
16383
16383
16383
15784
12632
13480
15704
6488
15192
9896
16383
15704
13528
15528
16383
16383
13656
14504
10596
11944
16383
15704
6747
16383
10408
15704
13480
15704
14168
15704
12968
12968
16383
10920
15940
11864
15704
12456
15528
15704
16383
16383
15704
12456
15704
14504
11738
14504
16040
11944
16383
15704
11432
16383
15704
15528
15192
15016
16383
15704
8392
15704
6488
16383
15704
11432
15704
14168
11880
11432
13480
15704
8168
9384
16383
13656
12452
12968
16040
16383
16383
16383
16383
15576
16383
16383
15704
7000
16383
15192
7848
10408
14168
7128
16383
16383
16383
15704
16383
16383
16383
16383
15192
10072
16383
15704
10408
13144
14504
7800
16383
16383
16383
15704
12968
11432
16383
15528
15704
12968
11944
15704
10920
16383
14168
16383
16383
16383
16383
16040
16024
13656
15528
16383
16383
15704
8344
15528
16024
15788
16383
16383
16383
11096
6488
16383
16040
16383
16383
15528
16383
16383
16383
16383
15704
13480
16040
16383
16383
16383
16383
15704
10408
15704
7258
16383
15704
10408
15528
16383
15704
6488
16383
16383
15704
15192
15528
15704
7016
16383
16383
16383
15704
8152
7128
15528
15528
15704
8278
16383
16040
15528
16383
16383
16040
16383
15704
15192
16383
16383
14504
16383
15704
10408
16383
16040
10171
16383
16383
15528
16040
15192
15016
15704
14504
16383
16383
15704
15016
16383
13656
13144
7848
9896
16383
15704
15016
15192
15528
16383
16383
14168
6488
15704
8840
15704
12968
15784
12888
15704
16383
16040
9560
12968
13992
16383
16383
15704
13656
7000
16383
16383
15704
7336
12968
13656
9896
15192
13480
16383
15704
6488
16383
16383
16383
16383
15704
11256
10024
6488
16383
16040
15704
14504
13144
13480
16383
16383
16383
16040
15528
15704
14504
15192
16383
15704
8745
14504
15704
16383
15431
16383
16040
13144
14504
16383
15704
10408
13992
15704
13480
16383
16383
15704
8605
12968
16383
11608
8220
14504
12632
14504
14504
16383
13992
16383
15704
12456
15640
15704
12120
10920
16383
14744
13656
9384
16383
16383
15704
8019
5976
16383
15528
16383
16383
14504
15704
12632
15528
16383
16040
14168
11096
7610
16383
15704
13873
16028
13656
15704
12632
12456
15528
11736
13992
15704
8713
15704
15528
11672
11608
13992
11944
16383
13303
13656
13992
10216
8632
7000
16040
13480
16383
16383
15192
11608
6488
16383
16383
13144
9560
5976
12968
15832
15704
5976
11608
12968
15528
15704
6488
5464
15016
15704
12120
10920
6488
10242
15704
5982
15704
4952
13656
7656
15528
16383
16383
11608
11608
6296
11944
11608
7910
11096
6753
14504
16383
16383
15704
12456
15704
12456
12120
9330
13656
13480
14680
5464
16383
16383
15704
13480
16383
16383
16383
14168
11944
10920
15704
12456
11263
13912
14168
12712
15192
7720
16383
16383
15704
7632
14168
15528
16383
15704
11944
16383
13214
14936
15192
8872
11432
16383
15704
12968
15704
8760
9871
12232
14168
5976
16383
15704
7416
15768
16040
16383
16383
16383
15192
14504
16383
16383
16383
15704
13992
16383
16383
13992
16383
16383
16383
16383
15192
10584
16383
16383
16383
16040
15704
14168
10408
14504
15704
7245
13144
16040
15704
15192
13480
8296
16383
16383
15704
11376
16040
15528
16383
16383
15704
15528
16383
13992
16383
16383
16383
12968
16383
16383
16383
16383
14168
6624
16383
16383
16383
15704
14168
6488
16383
16383
16216
16383
16383
16383
13656
13992
16383
16383
16383
16383
16383
14168
12456
15192
13656
13480
16383
16383
16383
12632
9896
15704
13992
16383
15704
14504
16383
16383
15704
10408
15704
13992
10408
16383
15704
15192
15016
16383
16383
16383
15704
16383
16383
16383
16383
16383
15704
13480
11432
14680
11944
14168
9304
15704
16383
15704
16383
15528
16383
16216
16383
16383
16040
13687
15704
13992
16383
16383
15704
8920
14504
13992
15016
15528
16383
15704
12456
12632
15016
15528
16040
13480
16383
16040
14680
16383
15016
16383
16383
16383
12504
15528
16383
15704
7144
7839
9246
15528
16383
16383
16040
16383
16383
16383
16383
14168
16383
16383
14168
8670
6488
16383
15704
15192
8528
16383
16383
16383
16383
15704
12456
16383
15704
7620
12632
16216
16383
12456
15704
9378
15528
13144
13656
16383
16383
15192
6488
16383
12120
9488
13656
16040
15704
15016
11944
15960
15704
15528
16383
15704
14504
15016
11432
16383
14216
14168
8094
6488
15704
10408
6488
16383
16383
16383
16040
16383
16383
16383
16383
15704
11643
12456
16383
14680
9241
16383
16383
15704
13992
15704
13480
14680
14504
16040
16383
16383
16383
15704
6968
8392
8163
9912
13480
16383
16383
16383
16040
12120
12456
15928
12120
14504
15528
15528
16383
15704
12456
16383
15704
11432
15704
9048
15704
12456
8536
5976
15704
10408
16383
16383
15768
10584
16040
16383
16040
13656
15528
15704
5976
15704
11944
7784
16383
16040
11096
15704
5976
11608
9896
12632
13992
16040
16383
15736
16383
16383
15704
8920
12632
14504
16383
15704
14504
16383
16383
15704
13480
15192
12968
6824
16383
16383
14504
16040
15528
15704
13992
7758
6813
16383
15704
15528
16383
16383
16383
16383
15704
7154
10738
10840
15704
13480
16383
16383
15704
15704
8311
11168
15528
15192
10920
14168
13480
14168
16383
15704
7768
12456
16383
16383
15704
9896
15192
16383
16383
16383
16383
15704
7464
14680
15528
16383
16024
15411
16383
16383
16383
16383
16383
16383
16383
14504
16383
15704
12456
15528
16383
15192
16383
16383
16383
16383
15704
8322
16383
16383
16383
16383
15704
16383
16383
16383
16383
16383
16383
15704
11352
12968
16383
16383
16383
16383
16383
15192
9896
14168
8280
16383
16383
16383
16040
14680
10072
14504
15528
16383
16383
8273
7000
16383
16383
15704
14504
9512
16383
15704
10408
16383
16383
15704
11944
16040
16383
16383
16383
15192
16383
16383
16383
15704
15528
16383
15528
16383
16383
16383
16216
15704
11432
16040
15528
16383
16383
16383
16383
15704
14504
15704
7904
15800
15528
16383
16383
16383
12632
15016
15704
7000
16383
16383
14680
14504
14680
9896
15704
12456
15528
16383
16040
16383
15704
13480
14680
16383
16383
15216
15704
14168
15016
16383
15704
12456
6488
16383
15704
9384
15704
9013
15016
16383
12632
14040
16040
16383
16383
16383
16383
15704
11432
13480
16383
15704
13480
16383
16383
16040
16383
15704
10680
15528
15704
12968
15704
12632
15192
9896
15192
16383
16383
12280
15704
7744
16383
13656
7713
13480
16383
16383
16383
16216
16383
15704
15528
15704
14168
15016
16383
13480
16383
15704
7813
15704
7547
15528
16383
15704
13992
16383
16383
15016
16383
15704
7432
15704
12456
15016
16383
16040
16383
15704
16383
16383
15704
15016
10408
16383
15704
16383
15704
9176
15704
10920
15704
8839
15704
16383
16383
15704
9352
16383
15016
15704
8144
13480
15704
9896
16383
15704
13480
13144
8040
10920
12120
11608
16383
15704
8856
16040
12632
15016
16383
15704
10920
16383
16383
16383
16383
16383
16383
16383
16383
16383
15704
9384
16383
16383
16383
16383
16383
15704
16040
16040
16040
16383
16383
15704
14504
15704
6488
16383
15704
7208
16383
16383
16383
14680
7504
14504
15704
12968
15704
9352
15704
16383
15704
6952
14394
16383
16383
16383
15704
8088
6488
16383
16383
15704
7864
10408
16383
16383
15704
7644
7432
16383
15704
8848
16383
16383
14680
12968
9352
10408
15704
14504
15704
8094
16383
15704
12968
16383
15704
13992
16383
15704
7998
14168
15528
16383
16383
16383
15704
11944
14168
15436
16040
16383
16383
13144
9896
13656
13992
10584
6744
11746
15528
14504
16040
13480
16383
16383
15704
12968
13656
11944
16383
15704
10920
16383
16383
14168
15192
16383
16383
16383
15704
15528
16383
15704
7775
11432
7964
14504
16383
16383
8536
13992
15704
15704
16383
15704
7497
15528
16383
16383
16383
15704
6696
16383
16383
15528
16383
16383
16383
16383
16383
16383
15704
14504
16383
15720
15016
15704
10072
9025
16383
16383
15704
14504
15704
9048
11944
7848
6936
16383
15704
15704
10920
15704
6488
16383
15704
9662
